97430253349
97430253494
97430253564
97430253811
97430253970
97430254169
97430254360
97430254545
97430254625
97430254803
97430255196
97430255243
97430255264
97430255402
97430255678
97430255822
97430255902
97430255972
97430256138
97430256272
97430256534
97430256758
97430256880
97430257035
97430257443
97430257721
97430257774
97430257874
97430258060
97430258155
97430258261
97430258496
97430258886
97430259309
97430259852
97430259930
97430260282
97430260554
97430260608
97430260872
97430261684
97430261889
97430262001
97430262104
97430262190
97430262339
97430262569
97430262641
97430262790
97430262919
97430263402
97430263736
97430263873
97430264338
97430264445
97430264528
97430264648
97430264931
97430265295
97430265480
97430265565
97430265863
97430266101
97430266397
97430266566
97430266643
97430266823
97430267017
97430267226
97430267749
97430267995
97430268082
97430268293
97430268654
97430268869
97430268993
97430269166
97430269269
97430269424
97430269868
97430270003
97430270068
97430270433
97430271065
97430271252
97430271537
97430271845
97430272017
97430272083
97430272221
97430272335
97430272777
97430273159
97430273214
97430273644
97430273965
97430274265
97430274367
97430274543
97430274611
97430274809
97430274988
97430275129
97430275247
97430275364
97430275486
97430275681
97430275725
97430276059
97430276357
97430276579
97430276746
97430277100
97430277146
97430277272
97430277323
97430277449
97430277510
97430277613
97430277725
97430277774
97430277831
97430277979
97430278018
97430278091
97430278477
97430278545
97430279155
97430279309
97430279677
97430280256
97430280373
97430280472
97430280902
97430281069
97430281630
97430281807
97430282550
97430282828
97430283022
97430283205
97430284418
97430284461
97430284919
97430285284
97430286002
97430286176
97430286247
97430286529
97430286751
97430287005
97430287160
97430287653
97430287952
97430288067
97430288489
97430288888
97430288945
97430289039
97430289229
97430289332
97430289532
97430290002
97430290208
97430290414
97430290888
97430291302
97430291438
97430291604
97430292027
97430292262
97430292504
97430292731
97430292802
97430292859
97430292993
97430293392
97430293577
97430293794
97430293865
97430294050
97430294181
97430294342
97430294579
97430294741
97430294797
97430295050
97430295273
97430295495
97430295672
97430296430
97430296637
97430297424
97430297830
97430297875
97430297981
97430298137
97430298313
97430298420
97430298664
97430298818
97430299115
97430299232
97430299438
97430299660
97430299843
97430299965
97430300033
97430300224
97430300342
97430300497
97430300625
97430300852
97430300888
97430300992
97430301050
97430301123
97430301390
97430301477
97430301552
97430301620
97430301720
97430301944
97430302001
97430302066
97430302241
97430302430
97430302619
97430302730
97430302863
97430302955
97430303017
97430303052
97430303100
97430303155
97430303207
97430303311
97430303399
97430303534
97430303799
97430303946
97430304021
97430304223
97430304332
97430304533
97430304844
97430305032
97430305098
97430305230
97430305502
97430305530
97430305733
97430305790
97430305959
97430306646
97430306788
97430306907
97430308099
97430308853
97430308943
97430309878
97430310801
97430311061
97430311133
97430311247
97430311531
97430312690
97430313315
97430313946
97430314468
97430314838
97430315500
97430315623
97430316627
97430317065
97430317614
97430317875
97430318333
97430318814
97430319335
97430320571
97430321048
97430321303
97430321563
97430321825
97430321970
97430322114
97430322571
97430322683
97430322784
97430323199
97430323368
97430324111
97430324612
97430324966
97430325333
97430325600
97430326037
97430326249
97430326382
97430326463
97430327746
97430327899
97430328012
97430328333
97430328798
97430329128
97430329556
97430330099
97430330212
97430330316
97430330503
97430330860
97430330944
97430331226
97430331330
97430331579
97430332022
97430332280
97430332328
97430332377
97430332551
97430332733
97430333001
97430333084
97430333186
97430333252
97430333312
97430333323
97430333348
97430333425
97430333449
97430333484
97430333625
97430333662
97430333919
97430333987
97430334354
97430334443
97430334877
97430335165
97430335507
97430335802
97430336028
97430336110
97430336600
97430336731
97430336885
97430337040
97430337398
97430337560
97430337776
97430337932
97430338374
97430338629
97430338867
97430339325
97430339388
97430339801
97430339900
97430340176
97430340445
97430340604
97430340918
97430341447
97430341529
97430341620
97430341931
97430342010
97430342569
97430342870
97430343000
97430343445
97430343742
97430344200
97430344340
97430344418
97430344535
97430344768
97430344906
97430345027
97430345162
97430345446
97430345664
97430345805
97430346172
97430346303
97430346491
97430347324
97430347588
97430348517
97430348979
97430349343
97430349440
97430349883
97430350050
97430350204
97430350553
97430351195
97430351358
97430351799
97430351988
97430352478
97430353508
97430353634
97430353755
97430353990
97430354241
97430354445
97430354629
97430354877
97430355000
97430355467
97430356184
97430356454
97430359999
97430360171
97430360492
97430361975
97430362894
97430363130
97430364178
97430364438
97430364675
97430365027
97430365206
97430366234
97430366367
97430366726
97430366815
97430366936
97430367226
97430367430
97430368498
97430369561
97430370450
97430370712
97430371146
97430371351
97430371627
97430371949
97430372222
97430372425
97430373209
97430373380
97430373575
97430373808
97430374654
97430375061
97430375262
97430375542
97430375693
97430376412
97430376527
97430376968
97430377092
97430377681
97430377737
97430378460
97430378790
97430378998
97430379373
97430379726
97430379960
97430380506
97430380666
97430380894
97430381419
97430382173
97430382337
97430382680
97430382852
97430383326
97430383744
97430384144
97430384457
97430384965
97430385845
97430386385
97430386966
97430387107
97430387576
97430387763
97430387851
97430388241
97430388326
97430388473
97430388733
97430388824
97430388889
97430389122
97430389312
97430389606
97430389727
97430390134
97430390358
97430390503
97430390922
97430392213
97430392262
97430392924
97430393282
97430393344
97430393483
97430393621
97430393722
97430393905
97430394337
97430395240
97430395593
97430395724
97430396081
97430396579
97430397645
97430397739
97430398529
97430399161
97430399977
97430400061
97430400300
97430400797
97430400880
97430401110
97430401920
97430402168
97430402284
97430403222
97430403330
97430403961
97430404042
97430404144
97430405021
97430405300
97430405484
97430406086
97430406600
97430407007
97430407400
97430407643
97430408312
97430409079
97430410951
97430411046
97430411643
97430411735
97430412011
97430412429
97430412621
97430413549
97430414026
97430414512
97430415466
97430416109
97430416256
97430416476
97430416644
97430417105
97430417217
97430417584
97430419241
97430419421
97430419996
97430420455
97430420682
97430421091
97430421596
97430421964
97430422250
97430423087
97430424401
97430425480
97430425738
97430426001
97430426777
97430427149
97430427722
97430428119
97430429218
97430429423
97430430703
97430431662
97430432287
97430432685
97430432887
97430433365
97430433633
97430433992
97430434145
97430435659
97430436154
97430437618
97430439207
97430439704
97430440002
97430440144
97430440698
97430441011
97430441130
97430441702
97430443224
97430443624
97430444002
97430444411
97430444444
97430444658
97430444722
97430445132
97430445582
97430446918
97430447705
97430448685
97430449459
97430449977
97430450061
97430450094
97430450237
97430450322
97430451548
97430452874
97430453046
97430453261
97430453756
97430454022
97430454394
97430454967
97430455078
97430455557
97430456297
97430456737
97430457341
97430457894
97430459439
97430459588
97430460082
97430460848
97430461127
97430461999
97430462069
97430462666
97430463318
97430463678
97430465084
97430465433
97430466299
97430466699
97430466914
97430467731
97430468053
97430468387
97430469182
97430470222
97430470704
97430470949
97430471104
97430471867
97430472659
97430473388
97430474000
97430474140
97430474393
97430474546
97430474742
97430475110
97430475482
97430475619
97430476459
97430477042
97430477218
97430477440
97430477704
97430477883
97430478178
97430479797
97430480323
97430480878
97430481114
97430481623
97430481770
97430481970
97430482339
97430482751
97430483029
97430483363
97430483625
97430484961
97430485167
97430485581
97430485915
97430487627
97430488551
97430488806
97430488855
97430489952
97430490188
97430490268
97430490512
97430490815
97430491333
97430492223
97430493296
97430493540
97430494073
97430494631
97430494906
97430495788
97430496295
97430496737
97430497105
97430498093
97430498227
97430498517
97430499026
97430499318
97430499613
97430499964
97430500069
97430500109
97430500162
97430500441
97430500633
97430501028
97430501191
97430501536
97430501686
97430502002
97430502063
97430502228
97430502498
97430503063
97430503181
97430503301
97430504192
97430504444
97430504620
97430504773
97430506195
97430506781
97430507029
97430507215
97430508882
97430509539
97430509804
97430510922
97430512599
97430513111
97430513252
97430513525
97430513888
97430514034
97430514366
97430515173
97430515551
97430516288
97430516559
97430517570
97430518041
97430518960
97430519387
97430520190
97430520695
97430522330
97430522541
97430522706
97430523039
97430523271
97430524211
97430525338
97430525571
97430526786
97430527702
97430528256
97430529570
97430530000
97430530513
97430530842
97430531703
97430531957
97430532184
97430532596
97430532840
97430533174
97430533325
97430533380
97430533434
97430533605
97430533725
97430534456
97430535428
97430535853
97430536645
97430536823
97430537222
97430537761
97430538464
97430539032
97430541179
97430541344
97430542127
97430542392
97430542900
97430543259
97430544450
97430545199
97430546631
97430548244
97430548571
97430548999
97430550116
97430550325
97430550499
97430550638
97430551196
97430551628
97430551833
97430552703
97430553007
97430553368
97430553636
97430554830
97430555039
97430555111
97430555310
97430555563
97430555801
97430555913
97430556622
97430558566
97430559352
97430559595
97430560277
97430560808
97430560973
97430561458
97430562017
97430562620
97430562962
97430563339
97430564276
97430565408
97430565652
97430566508
97430566850
97430567219
97430567648
97430568136
97430569107
97430569331
97430569507
97430570668
97430571367
97430571410
97430571645
97430571802
97430572305
97430572636
97430573175
97430573413
97430573585
97430573877
97430574511
97430574782
97430575289
97430575481
97430575638
97430575706
97430575919
97430576768
97430577555
97430581600
97430581932
97430582573
97430582665
97430583269
97430583340
97430584011
97430584707
97430584842
97430584918
97430585169
97430585301
97430585358
97430588423
97430588607
97430588756
97430588883
97430589036
97430589764
97430590352
97430590756
97430591312
97430591880
97430592159
97430592358
97430592715
97430593253
97430593463
97430593709
97430594387
97430596737
97430598070
97430599368
97430599576
97430600003
97430600171
97430600720
97430600969
97430601440
97430602132
97430602636
97430602986
97430603677
97430604000
97430605248
97430605735
97430605951
97430606064
97430606326
97430606431
97430606652
97430606807
97430606885
97430607057
97430607100
97430607485
97430607766
97430609030
97430609082
97430609783
97430609955
97430610034
97430610211
97430610335
97430610502
97430610754
97430611072
97430611703
97430612025
97430612194
97430612462
97430613345
97430613697
97430613972
97430614581
97430614759
97430615132
97430616458
97430617492
97430617824
97430617954
97430618129
97430618674
97430619154
97430620499
97430620692
97430622076
97430622532
97430622747
97430622907
97430623063
97430623330
97430623479
97430623701
97430624242
97430624342
97430624638
97430624906
97430625129
97430625443
97430625780
97430626089
97430626874
97430627072
97430627244
97430627493
97430627703
97430628024
97430628419
97430628556
97430629133
97430629398
97430629725
97430630002
97430630654
97430630795
97430630996
97430631670
97430631852
97430632042
97430632648
97430633016
97430633142
97430633333
97430634084
97430634470
97430634672
97430634868
97430635533
97430635721
97430636035
97430636156